85510537843
85510990930
85511521414
85511683757
85515704118
85516681810
85517506299
855312508456
855316600865
855316600865
85560807090
85560959523
85561451342
85566227365
85566266570
85566266570
85566454671
85566510870
85566620945
85566620945
85566899941
85567751632
85568443820
85569213878
85569255723
85569274575
85569424083
85569436319
85570238282
85570254706
85570298128
85570364677
85570445926
85570741227
855713068542
855714484089
855714902233
855715061772
855715424555
855716730044
855717886602
85577771416
85578401377
85578452350
85578685608
85581963106
85586295941
85586907323
85586921099
85587505702
85587644825
855883512511
855883828575
855884062622
855884126133
855885026391
855885040215
855885702886
855886753555
855887204450
855888309255
855888309255
855888535065
855888776199
855889298218
855889938088
85589429018
85589429018
85589988364
85592875312
85592938651
85593212947
855962058364
855962505893
855962569368
855962692912
855963300222
855963405508
855963553725
855964360350
855964433277
855964458110
855964772874
855964937745
855965068037
855965115135
855965532271
855966595879
855967895120
855968449058
855969255592
855969274523
855969366353
855969646545
855972054895
855972068057
855972068057
855972145674
855972197397
855972277021
855972737387
855974888973
855975065051
855975351291
855975357143
855975500622
855975852365
855977319949
855977448748
855977502326
855979310492
855979672748
855979794749
855979870439
85598383882
85598576444
85598576444
85598985859
85599253020
85599292973
85599722382